Current Parameters:
linear1.weight tensor([[ 0.2619,  0.1640, -0.0810,  ...,  0.0671, -0.0044, -0.0321],
        [ 0.4846,  0.1626,  0.4535,  ...,  0.1258,  0.0711, -0.1262],
        [ 0.0111,  0.5661,  0.1612,  ..., -0.0774, -0.1594,  0.0439],
        ...,
        [ 0.0288, -0.1402,  0.3075,  ...,  0.0997,  0.0242,  0.0027],
        [ 0.3892, -0.0556, -0.2766,  ..., -0.1119, -0.0135,  0.0497],
        [-0.0927, -0.1128,  0.7332,  ..., -0.0053,  0.0174, -0.1393]],
       device='cuda:0')
linear1.bias tensor([ 0.4233,  0.0391,  0.4823,  0.7635, -0.4319,  0.0408,  0.0724, -0.0529,
         0.0382,  0.4626,  0.1819, -0.0564,  0.4571,  0.0849,  0.2051,  0.1827,
         0.1743,  0.2255, -0.1383,  0.3989,  0.0924,  0.5303, -0.0106, -0.5029,
         0.6243,  0.3431,  0.3929,  0.1126, -0.2141,  0.5521, -0.0574, -0.1984,
         0.1384,  0.5858,  0.0697,  0.2313,  0.1832, -0.0436,  0.3142,  0.0714,
         0.2748,  0.4012], device='cuda:0')
linear2.weight tensor([[-0.0691, -0.1235,  0.1769,  ...,  0.2693,  0.3603,  0.1198],
        [-0.0957, -0.1411,  0.0306,  ..., -0.0422, -0.1486, -0.0750],
        [-0.2727,  0.2891, -0.0929,  ..., -0.3720,  0.2026,  0.1578],
        ...,
        [ 0.6662, -0.4617,  0.0515,  ..., -0.2027,  0.2720,  0.0510],
        [ 0.7146, -0.9412, -0.1181,  ..., -0.3335,  0.2379, -0.3082],
        [-0.5366,  0.1662,  0.2519,  ...,  0.3303,  0.3091,  0.2326]],
       device='cuda:0')
linear2.bias tensor([ 0.2895, -0.0145,  0.4814,  0.4269,  0.4153,  0.1635,  0.7469, -0.2669,
         0.6001,  0.0957, -0.4458,  0.6751,  0.0725,  0.3677,  0.1773,  0.1836,
         0.2629,  0.3001, -0.3620,  0.4576,  0.4294, -0.2805,  0.0175,  0.3296,
         0.3530,  0.2504,  0.1620, -0.3851, -0.3265, -0.0111,  0.2749,  0.2338,
         0.0268, -0.2775,  0.4930,  0.3869,  0.3466,  0.3675,  0.2849, -0.4107,
        -0.2426,  0.5681], device='cuda:0')
linear3.weight tensor([[-0.2423, -0.5442, -0.4244,  0.0732,  0.0840,  0.0103,  0.1225,  0.1074,
         -0.0266,  0.3038,  0.1319,  0.0738,  0.0480,  0.2259,  0.0736,  0.1942,
          0.1176,  0.0123,  0.1961,  0.2244,  0.0762,  0.1475,  0.1042,  0.1181,
          0.0511,  0.1060,  0.0906,  0.1238, -0.0444,  0.1401,  0.0457,  0.2307,
          0.2348,  0.1895,  0.0516,  0.2422,  0.1386, -0.1000, -0.0392,  0.0404,
         -0.0274,  0.1196,  0.0289, -0.1790, -0.0734, -0.0152,  0.0027,  0.0367,
          0.0051,  0.0368, -0.1094, -0.1096, -0.1012, -0.0044, -0.0794, -0.0116,
         -0.1171,  0.0052, -0.0763, -0.1709, -0.0462, -0.0688,  0.0822,  0.0324,
         -0.0727, -0.0813,  0.0170,  0.0320,  0.0105, -0.0738, -0.0518,  0.1808,
         -0.0782,  0.0297, -0.0210, -0.0167, -0.0239, -0.2209, -0.1097, -0.0101,
         -0.0744, -0.0130, -0.0027, -0.0571, -0.0955, -0.2394,  0.2784, -2.1466,
         -0.4414, -0.2989, -0.3629, -0.8932,  1.3542, -0.9280,  1.3056,  1.2726,
         -1.2583,  0.3386, -0.1854, -0.3560, -0.1846, -0.2313, -0.7997,  1.0820,
         -0.6940, -0.4213,  1.7457,  0.5910, -0.3936, -0.5256, -0.3813,  0.7351,
          1.4019,  1.2774,  0.2147, -0.2790, -0.4195,  1.0853,  1.6733, -0.8031,
         -0.2823, -0.1940, -0.2436, -0.3623,  1.1072,  1.6005, -0.9108]],
       device='cuda:0')
linear3.bias tensor([-0.0687], device='cuda:0')