Current iteration: 716, Average Loss: 2.6906076595187187
Current iteration: 717, Average Loss: 2.6712370440363884
CPU Usage: 17.0% GPU memory usage: 3121217536 

Current Parameters:
linear.weight tensor([[-0.1284, -1.1471, -1.3046,  0.1587, -0.5121, -0.5101, -0.0295,  0.4656,
          0.2595,  0.0637, -0.0352, -0.0866,  0.0391,  0.0601,  0.3038, -0.0848,
          0.2326, -0.2509, -0.4992, -0.1587, -0.1523, -0.0749,  0.0656,  0.0210,
          0.2741, -0.2957, -0.0817, -0.1756,  0.1762,  0.1199,  0.1872,  0.7352,
          0.0926,  0.4405, -0.4283,  0.3593, -0.0885,  0.0580, -0.2569,  0.0322,
          0.0191, -0.0227,  0.1804,  0.0562,  0.0732,  0.1111, -0.3265, -0.0069,
         -0.3294, -0.0605,  0.0490,  0.1102,  0.1128, -0.0882, -0.3047, -0.3351,
          0.0098, -0.0892,  0.2791, -0.1701,  0.0764, -0.0774, -0.0773, -0.0920,
         -0.1498,  0.0832,  0.0952,  0.2541, -0.0843, -0.0054,  0.0300, -0.0465,
         -0.2227,  0.0591,  0.1483, -0.0442,  0.0081,  0.1842,  0.0771, -0.1601,
         -0.2393, -0.0380,  0.0137,  0.0517,  0.0300]], device='cuda:0')
linear.bias tensor([-5.1976], device='cuda:0')