OrderedDict([('linear1.weight', tensor([[-0.1240, -0.1636, -0.1335,  ...,  0.0134, -0.1431, -0.1137],
        [ 0.1751,  0.1123,  0.1847,  ...,  0.0047, -0.0764, -0.1628],
        [ 0.1885,  0.2490,  0.1622,  ..., -0.1137, -0.0651,  0.0038],
        ...,
        [-0.2253, -0.1581, -0.0374,  ..., -0.0789, -0.1246, -0.1731],
        [-0.0077, -0.0894, -0.0177,  ...,  0.0788,  0.0104,  0.1664],
        [ 0.1129,  0.0655,  0.1722,  ..., -0.1063, -0.0156, -0.1069]],
       device='cuda:0')), ('linear1.bias', tensor([ 0.1653,  0.2155,  0.1956,  0.1023,  0.0886,  0.1291,  0.0485,  0.2098,
         0.0672,  0.1790,  0.1175,  0.1330,  0.1280,  0.2485,  0.1111,  0.1164,
         0.0652,  0.0993,  0.1839,  0.0631,  0.0921,  0.2227,  0.0417,  0.0997,
         0.1584,  0.0701,  0.1605,  0.1446,  0.1171,  0.2458,  0.0398, -0.0157,
         0.1084,  0.1765,  0.1261,  0.1209,  0.0139,  0.1042,  0.2053,  0.1861,
         0.1521,  0.2191], device='cuda:0')), ('linear2.weight', tensor([[ 0.2366, -0.0327,  0.1576,  ...,  0.2652,  0.2617,  0.1501],
        [-0.0629, -0.1257,  0.0549,  ..., -0.0418, -0.1161, -0.0030],
        [-0.0241, -0.0463, -0.0144,  ...,  0.0052, -0.0805,  0.0033],
        ...,
        [ 0.0421, -0.1540,  0.1146,  ..., -0.1705,  0.0576,  0.0652],
        [ 0.0233, -0.0386,  0.0169,  ..., -0.1043, -0.0617, -0.1644],
        [ 0.0391,  0.2060,  0.1222,  ...,  0.1564,  0.0997,  0.1150]],
       device='cuda:0')), ('linear2.bias', tensor([ 0.0843,  0.0021,  0.0270,  0.2014,  0.1757, -0.0365,  0.1154,  0.2444,
         0.0068,  0.0649, -0.1596, -0.0218,  0.0628,  0.2236, -0.0171,  0.0300,
         0.0640, -0.0096, -0.1289,  0.1221,  0.1271, -0.0846,  0.0374,  0.0336,
         0.0816,  0.0141,  0.0875, -0.0840,  0.1689,  0.0358,  0.0943,  0.0674,
         0.0736, -0.1531,  0.0206,  0.2169,  0.2165,  0.2094,  0.1169, -0.1350,
         0.0372,  0.0413], device='cuda:0')), ('linear3.weight', tensor([[ 0.0927, -0.0429,  0.1067,  0.0455,  0.1003,  0.0653,  0.1059,  0.0310,
          0.0183,  0.1169, -0.0676, -0.0060, -0.0399,  0.0220, -0.0639, -0.0255,
         -0.0917, -0.0850,  0.0242, -0.0428, -0.0712, -0.0333,  0.0290, -0.0762,
         -0.0808, -0.0983,  0.0282, -0.0075, -0.1081,  0.0021, -0.0468, -0.0825,
          0.0240, -0.0037, -0.1025,  0.0269,  0.0532, -0.0272, -0.0405,  0.0054,
          0.0202,  0.0202,  0.0592, -0.0354, -0.0432,  0.0179,  0.0731,  0.0125,
         -0.0059,  0.0253, -0.0495,  0.0305, -0.0682,  0.0403, -0.0114, -0.0141,
         -0.0532,  0.0156,  0.0044, -0.0291,  0.0441,  0.0221,  0.0458, -0.0130,
         -0.0886, -0.0696,  0.0288,  0.0190,  0.0387, -0.0617, -0.0422,  0.0306,
         -0.0650, -0.0569, -0.0236, -0.0147, -0.0374, -0.0784, -0.0810, -0.0436,
          0.0065, -0.0055,  0.0405,  0.0444, -0.0500, -0.1192,  0.0300, -0.0043,
         -0.1762, -0.1103, -0.2058, -0.1793, -0.3464, -0.1854,  0.0021,  0.0048,
         -0.0062,  0.0220, -0.1402, -0.1936, -0.1401, -0.1258, -0.0229,  0.0244,
         -0.0499, -0.1399,  0.0095,  0.0009, -0.1796, -0.2155, -0.1607,  0.0359,
          0.0365, -0.4000,  0.0238, -0.1610,  0.0328,  0.0409,  0.0218, -0.1779,
         -0.1558, -0.1496, -0.1375, -0.2071,  0.0415, -0.0013, -0.1940]],
       device='cuda:0')), ('linear3.bias', tensor([0.0186], device='cuda:0'))])